Date,AAPL,AMD,BABA,TSM
2020-02-29,-0.11470137270714198,-0.03234043527156749,0.006825130389194856,-0.0018539220040916238
2020-03-31,-0.06976152318691431,0.0,-0.06500002054067755,-0.10394853136036086
2020-04-30,0.15537360425319635,0.15193491462098496,0.042112312943898944,0.1117388465254725
2020-05-31,0.08509430961799502,0.02691353051801526,0.023289096873472914,-0.0527009150971236
2020-06-30,0.1473862170097382,-0.022118933895620696,0.0400694227448295,0.13638798576118183
2020-07-31,0.16513173848520113,0.47177341583114574,0.16374597971224758,0.3896422333783678
2020-08-31,0.21656935208106654,0.17293038017401874,0.14345468047936993,0.004563523501737388
2020-09-30,-0.10252644007980871,-0.09722530126321838,0.024213539478761037,0.028246776178840527
2020-10-31,-0.06001206852895047,-0.08171724750346454,0.03643101930347292,0.034538125566311084
2020-11-30,0.09549327966338317,0.23070796301451169,-0.1356461214961977,0.15679023870110465
2020-12-31,0.11457360369397285,-0.010252585150988924,-0.11630464507785832,0.12863404339021534
2021-01-31,-0.005501431135522261,-0.06618689080165874,0.09066302793309777,0.11445326989087867
2021-02-28,-0.07971212652741089,-0.013194736822412345,-0.06331011782805207,0.036372663950851036
2021-03-31,0.007339683075735071,-0.07111586775897039,-0.046391314914754234,-0.057283928018161845
2021-04-30,0.07621778047618566,0.03974525791824246,0.01861245225697572,-0.013019963791413458
2021-05-31,-0.05049711204358798,-0.01886793511032847,-0.07356566555046373,0.005310851014291851
2021-06-30,0.09910925414366334,0.17295202494301298,0.05991770266942509,0.02778591166987665
2021-07-31,0.06498247976065841,0.13052275201105168,-0.139297982661311,-0.02929433785692903
2021-08-31,0.04248926171658085,0.0426593716465582,-0.1444745970363287,0.020318948721686825
2021-09-30,-0.06803665774548628,-0.07062860918178882,-0.11341997615648669,-0.05799023265652892
2021-10-31,0.05865723447960636,0.16841595310080026,0.11408307356632585,0.018360926732245098
2021-11-30,0.10508187887499254,0.3172252407498115,-0.22680976784512297,0.030343071867803495
2021-12-31,0.07803983618557186,-0.08347541597712904,-0.035599474311799106,0.03216500673886724
